latitude,longitude,moisture,elevation_m,yield_t_ha
-30.263928,149.860396,0,245.60784,2.81665895
-30.263928,149.860395,0,245.57736,0.19345185
-30.263926,149.860391,0,245.57736,0.54719238
-30.263924,149.860387,0,245.57736,0.67093654
-30.263921,149.860382,0,245.57736,0.59953252
-30.263918,149.860377,0,245.57736,0.74478963
-30.263915,149.860371,0,245.57736,0.95049343
-30.263912,149.860366,0,245.57736,1.20713955
-30.263909,149.860361,0,245.57736,1.19875663
-30.263905,149.860354,0,245.54688,0.95552733
-30.263901,149.860346,0,245.54688,0.87182301
-30.263897,149.860339,0,245.5164,0.86217122
-30.263894,149.860335,0,245.5164,1.38081632
-30.263889,149.860326,0,245.54688,0.70040624
-30.263881,149.860312,0,245.5164,0.42559407
-30.263877,149.860305,0,245.5164,0.88842762
-30.263874,149.8603,0,245.5164,1.49809113
-30.26387,149.860293,0,245.5164,0.88523567
-30.263867,149.860286,0,245.48592,1.17905321
-30.263866,149.860283,0,245.5164,2.19039082
-30.263862,149.860276,0,245.48592,1.30952022
-30.263859,149.86027,0,245.48592,1.22688498
-30.263856,149.860263,0,245.5164,1.25408386
-30.263852,149.860255,0,245.48592,1.24486266
-30.263849,149.860248,0,245.48592,1.36190103
-30.263846,149.860241,0,245.5164,1.49241654
-30.263843,149.860233,0,245.48592,1.62606287
-30.26384,149.860226,0,245.5164,1.58705402
-30.263837,149.860219,0,245.5164,1.64196939
-30.263833,149.860211,0,245.48592,1.63321725
-30.26383,149.860203,0,245.45544,1.59920197
-30.263827,149.860196,0,245.42496,1.7188509
-30.263823,149.860188,0,245.45544,1.79884428
-30.26382,149.860181,0,245.45544,1.77376626
-30.263817,149.860173,0,245.42496,1.81220701
-30.263814,149.860166,0,245.45544,1.77685525
-30.263811,149.860158,0,245.42496,1.85064777
-30.263807,149.860151,0,245.42496,1.76428088
-30.263803,149.860141,0,245.42496,1.47681143
-30.263797,149.86013,0,245.42496,1.25195589
-30.263793,149.860123,0,245.42496,1.9604785
-30.263789,149.860114,0,245.42496,1.59485778
-30.263784,149.860103,0,245.39448,1.27497118
-30.263779,149.860094,0,245.42496,1.51031332
-30.263775,149.860085,0,245.42496,1.48848798
-30.263771,149.860078,0,245.39448,1.91233603
-30.263766,149.860067,10.9,245.39448,1.08113571
-30.263762,149.860057,10.9,245.39448,1.26275038
-30.263758,149.860048,10.9,245.39448,1.25516629
-30.263753,149.860039,10.9,245.364,1.28550264
-30.263749,149.860029,10.9,245.364,1.36124627
-30.263744,149.86002,10.9,245.364,1.36892759
-30.26374,149.86001,10.9,245.364,1.37253465
-30.263736,149.860001,10.9,245.33352,1.4818138
-30.263731,149.859991,10.9,245.33352,1.40486171
-30.263726,149.859981,10.9,245.33352,1.36513554
-30.263721,149.859971,10.9,245.33352,1.41452029
-30.263716,149.85996,10.9,245.33352,1.31897154
-30.263711,149.859948,10.9,245.364,1.16289324
-30.263705,149.859936,10.9,245.33352,1.10844339
-30.2637,149.859924,10.9,245.364,1.09448776
-30.263695,149.859911,10.9,245.364,1.02676861
-30.26369,149.859898,10.9,245.364,0.94098849
-30.263685,149.859886,10.9,245.39448,0.94578018
-30.263679,149.859874,10.9,245.42496,0.88034885
-30.263673,149.859861,10.9,245.364,0.76964432
-30.263667,149.859849,10.9,245.364,0.7792277
-30.263661,149.859837,10.9,245.30304,0.76127055
-30.263654,149.859826,10.9,245.364,0.77591037
-30.263648,149.859814,10.9,245.33352,0.75549168
-30.263641,149.859802,10.9,245.364,0.70223022
-30.263633,149.85979,10.9,245.24208,0.61457251
-30.263625,149.859778,10.9,245.15064,0.59845336
-30.26362,149.85977,10.9,245.15064,0.81990123
-30.263615,149.859761,10.9,245.18112,0.73046726
-30.263608,149.859749,10.9,245.15064,0.41843235
-30.263551,149.859651,10.9,245.18112,0.00459642
-30.263545,149.859644,10.9,245.18112,0.00388928
-30.263538,149.859636,10.9,245.18112,0.00361147
-30.263466,149.859561,10.9,245.27256,0.00963059
-30.263454,149.859551,10.9,245.27256,0.02844032
-30.263442,149.859542,10.9,245.27256,0.06216464
-30.263429,149.859533,10.9,245.27256,0.09734797
-30.263416,149.859525,10.9,245.24208,0.16116184
-30.263403,149.859518,10.9,245.24208,0.23463267
-30.263389,149.859512,10.9,245.2116,0.32503227
-30.263375,149.859507,10.9,245.2116,0.42374578
-30.263361,149.859503,10.9,245.18112,0.54953544
-30.263347,149.859501,10.9,245.18112,0.67883789
-30.263334,149.859502,10.9,245.18112,0.82413738
-30.26332,149.859504,10.9,245.15064,0.92232276
-30.263305,149.859506,10.9,245.18112,1.03486082
-30.263291,149.859508,10.9,245.18112,1.13271999
-30.263277,149.859511,10.9,245.15064,1.191785
-30.263263,149.859513,10.9,245.18112,1.31963103
-30.263249,149.859517,10.9,245.15064,1.31457497
-30.263231,149.85952,10.9,245.08968,1.1110194
-30.26322,149.859522,10.9,245.12016,1.76755645
-30.263207,149.859526,10.9,245.15064,1.49589565
-30.263194,149.859529,10.9,245.15064,1.50883402
-30.263183,149.859532,10.9,245.15064,1.69883534
-30.263172,149.859534,10.9,245.12016,1.64767994
-30.26316,149.859535,10.9,245.15064,1.66546536
-30.263146,149.859536,10.9,245.15064,1.33577779
-30.263136,149.859537,10.9,245.15064,1.96102804
-30.263125,149.859539,10.9,245.08968,1.61793842
-30.263113,149.859541,10.9,245.08968,1.601409
-30.263099,149.859543,10.8,245.08968,1.34015385
-30.263087,149.859545,10.8,245.08968,1.64408954
-30.263077,149.859547,10.8,245.0592,2.12963121
-30.263063,149.859549,10.8,245.0592,1.41969535
-30.263051,149.859552,10.8,245.02872,1.81031362
-30.263042,149.859553,10.8,245.02872,2.50555742
-30.263029,149.859555,10.8,245.0592,1.64978152
-30.263017,149.859558,10.8,245.0592,1.89522933
-30.263005,149.85956,10.8,245.0592,1.90983048
-30.262994,149.859563,10.8,245.02872,1.95323311
-30.262982,149.859565,10.8,245.02872,2.01659409
-30.26297,149.859567,10.8,245.02872,1.96239462
-30.262958,149.859568,10.8,245.02872,1.979916
-30.262947,149.85957,10.8,244.99824,2.02767035
-30.262935,149.859572,10.8,244.96776,1.99451715
-30.262923,149.859574,10.8,244.99824,2.01495876
-30.262911,149.859576,10.8,244.93728,2.00845712
-30.2629,149.859578,10.8,244.96776,2.13188249
-30.262888,149.85958,10.8,244.96776,2.22007572
-30.262877,149.859582,10.8,244.93728,2.26259427
-30.262864,149.859585,10.8,244.9068,2.13155165
-30.262853,149.859587,10.8,244.9068,2.28373445
-30.26284,149.85959,10.8,244.87632,2.06465391
-30.262827,149.859593,10.8,244.87632,2.05000152
-30.262814,149.859595,10.8,244.87632,2.17562451
-30.2628,149.859597,10.8,244.81536,1.9993842
-30.262788,149.859599,10.8,244.84584,2.18666829
-30.262775,149.859601,10.8,244.84584,2.12859158
-30.262762,149.859604,10.8,244.81536,2.11545496
-30.262749,149.859606,10.8,244.78488,2.13901819
-30.262735,149.859609,10.8,244.81536,2.16258143
-30.262722,149.859611,10.8,244.78488,2.15423889
-30.262708,149.859614,10.8,244.7544,2.12343813
-30.262695,149.859616,10.8,244.78488,2.28301575
-30.262681,149.859619,10.8,244.7544,2.22052381
-30.262667,149.859621,10.8,244.72392,2.34212352
-30.262654,149.859623,10.8,244.72392,2.37300867
-30.262641,149.859626,10.8,244.72392,2.42439516
-30.262628,149.859629,10.8,244.72392,2.42177702
-30.262614,149.859632,10.8,244.72392,2.33852026
-30.262601,149.859634,10.5,244.72392,2.42204119
-30.262588,149.859636,10.5,244.69344,2.36033029
-30.262575,149.859638,10.5,244.69344,2.51259907
-30.262562,149.859641,10.5,244.69344,2.52367999
-30.26255,149.859643,10.5,244.69344,2.59863011
-30.262537,149.859645,10.5,244.66296,2.53030875
-30.262525,149.859647,10.5,244.66296,2.61509759
-30.262512,149.859648,10.5,244.66296,2.66219151
-30.262499,149.85965,10.5,244.66296,2.70374497
-30.262487,149.859652,10.5,244.66296,2.69627524
-30.262474,149.859655,10.5,244.66296,2.85821097
-30.262462,149.859657,10.5,244.63248,2.80238496
-30.262449,149.859659,10.5,244.602,2.86164811
-30.262437,149.859661,10.5,244.63248,2.97825913
-30.262423,149.859663,10.5,244.63248,2.65111059
-30.26241,149.859666,10.5,244.602,2.77405151
-30.262396,149.859668,10.5,244.602,2.72729193
-30.262383,149.859671,10.5,244.602,2.77554011
-30.262369,149.859674,10.5,244.602,2.72532596
-30.262355,149.859676,10.5,244.602,2.94480279
-30.262341,149.859678,10.5,244.57152,2.74736511
-30.262327,149.85968,10.5,244.602,2.92790279
-30.262314,149.859682,10.5,244.602,3.00851728
-30.2623,149.859685,10.5,244.57152,2.97869035
-30.262287,149.859688,10.5,244.57152,3.08403075
-30.262273,149.859691,10.5,244.602,3.00851728
-30.26226,149.859694,10.5,244.57152,2.88240213
-30.262246,149.859696,10.5,244.57152,2.89996963
-30.262232,149.859699,10.5,244.57152,2.86949709
-30.262219,149.859701,10.5,244.57152,2.83140643
-30.262206,149.859703,10.4,244.57152,2.89023576
-30.262192,149.859706,10.4,244.57152,2.80505446
-30.262179,149.859709,10.4,244.602,2.7328814
-30.262165,149.859711,10.4,244.57152,2.68307898
-30.262151,149.859714,10.4,244.57152,2.74050804
-30.262137,149.859716,10.4,244.57152,2.7030833
-30.262123,149.859718,10.4,244.57152,2.80505446
-30.262109,149.85972,10.4,244.57152,2.66932602
-30.262095,149.859722,10.4,244.54104,2.66194539
-30.262081,149.859723,10.4,244.54104,2.72271254
-30.262067,149.859725,10.4,244.57152,2.63556873
-30.262053,149.859726,10.4,244.51056,2.56805416
-30.262036,149.859728,10.4,244.51056,2.04682682
-30.262025,149.85973,10.4,244.48008,2.91032802
-30.262008,149.859734,10.4,244.4496,1.89223265
-30.261997,149.859737,10.4,244.4496,2.81868116
-30.26198,149.859741,10.4,244.41912,1.74497655
-30.261967,149.859744,10.4,244.41912,2.08294948
-30.261953,149.859746,10.4,244.41912,2.00999019
-30.261939,149.859749,10.4,244.38864,2.01293437
-30.261925,149.859752,10.4,244.35816,1.97542628
-30.261911,149.859755,10.4,244.38864,1.9498791
-30.261897,149.859757,10.4,244.35816,1.83539606
-30.261883,149.859759,10.4,244.38864,1.75412853
-30.261869,149.859761,10.4,244.35816,1.5853421
-30.261855,149.859764,10.4,244.35816,1.39985853
-30.261842,149.859766,10.4,244.32768,1.2660232
-30.261828,149.859769,10.4,244.35816,1.08324223
-30.261815,149.859772,10.4,244.35816,0.87197983
-30.261801,149.859775,10.4,244.35816,0.69656698
-30.261787,149.859778,10.4,244.35816,0.53511547
-30.261774,149.859781,10.4,244.35816,0.42009065
-30.26176,149.859784,10.4,244.32768,0.32757069
-30.261746,149.859788,10.4,244.35816,0.25664268
-30.261729,149.859791,10.4,244.32768,0.18507327
-30.261711,149.859794,10.4,244.35816,0.16778621
-30.261693,149.859797,10.4,244.2972,0.17956406
-30.261675,149.8598,10.4,244.2972,0.2007012
-30.261658,149.859804,10.4,244.2972,0.21592322
-30.26164,149.859807,10.4,244.26672,0.23555716
-30.261622,149.85981,10.4,244.26672,0.26742784
-30.261605,149.859813,10.4,244.26672,0.29912299
-30.261588,149.859814,10.4,244.2972,0.34574127
-30.26157,149.859816,10.4,244.2972,0.37637992
-30.261552,149.859819,10.4,244.26672,0.41066554
-30.261535,149.859823,10.4,244.26672,0.4556178
-30.261517,149.859826,10.4,244.20576,0.4826991
-30.261499,149.859829,10.4,244.17528,0.52799855
-30.261481,149.859833,10.4,244.20576,0.57249367
-30.261464,149.859836,10.4,244.20576,0.6161527
-30.261447,149.85984,10.4,244.20576,0.64425087
-30.261428,149.859843,10.4,244.20576,0.60461842
-30.261409,149.859847,10.4,244.17528,0.60468406
-30.26139,149.859849,10.4,244.1448,0.61385198
-30.261371,149.859852,10.4,244.17528,0.59711056
-30.261353,149.859855,10.4,244.17528,0.58036914
-30.261334,149.859858,10.4,244.1448,0.56051252
-30.261315,149.859861,10.4,244.1448,0.56681985
-30.261297,149.859863,10.4,244.1448,0.55804725
-30.261278,149.859866,10.4,244.11432,0.5678635
-30.261259,149.859869,10.4,244.11432,0.60641135
-30.26124,149.859873,10.4,244.11432,0.64504883
-30.261222,149.859877,10.4,244.08384,0.7180208
-30.261203,149.85988,10.4,244.08384,0.80730836
-30.261185,149.859884,10.4,244.11432,0.91331437
-30.261166,149.859888,10.4,244.05336,0.976937
-30.261147,149.859891,10.4,244.05336,1.1091591
-30.261129,149.859894,10.4,244.08384,1.19013336
-30.26111,149.859897,10.4,244.02288,1.24258521
-30.261094,149.8599,10.4,243.9924,1.47660336
-30.261078,149.859902,10.4,243.9924,1.54036761
-30.261062,149.859905,10.4,244.02288,1.63748571
-30.261046,149.859908,10.4,243.9924,1.61817527
-30.261032,149.859912,10.4,243.9924,1.72791193
-30.261017,149.859915,10.4,244.02288,1.66378211
-30.261003,149.859918,10.4,243.9924,1.70000394
-30.260989,149.859921,10.4,243.9924,1.63428123
-30.260975,149.859923,10.4,243.9924,1.61143644
-30.260961,149.859925,10.4,243.96192,1.60159561
-30.260948,149.859928,10.4,243.9924,1.6002576
-30.260936,149.859934,10.4,244.02288,1.54751576
-30.260925,149.859941,10.4,243.9924,1.39731046
-30.260916,149.859951,10.4,244.02288,1.29236979
-30.260908,149.859962,10.4,244.02288,1.14672067
-30.260901,149.859975,10.4,244.05336,1.05386378
-30.260897,149.859989,10.4,244.02288,0.94293075
-30.260894,149.860003,10.4,244.08384,0.85587914
-30.260891,149.860018,10.4,244.11432,0.70061729
-30.260888,149.860035,10.4,244.11432,0.56853177
-30.260883,149.860052,10.4,244.08384,0.51906723
-30.260878,149.860069,10.4,244.11432,0.50218529
-30.260872,149.860085,10.4,244.11432,0.46208501
-30.260866,149.860105,10.4,244.1448,0.39002087
-30.260862,149.86012,10.4,244.1448,0.51808594
-30.260856,149.860138,10.4,244.1448,0.39576108
-30.260849,149.86016,10.4,244.17528,0.32989677
-30.260844,149.860175,10.4,244.20576,0.45509821
-30.260837,149.860193,10.4,244.17528,0.36484224
-30.26083,149.860215,10.4,244.17528,0.30506583
-30.260824,149.860233,10.4,244.17528,0.35453597
-30.26082,149.860249,10.4,244.1448,0.4091756
-30.260813,149.860272,10.4,244.17528,0.28107189
-30.260807,149.86029,10.4,244.23624,0.30707284
-30.260801,149.86031,10.4,244.26672,0.2703115
-30.260795,149.860331,10.4,244.20576,0.23624
-30.260789,149.860352,10.4,244.23624,0.21655908
-30.260783,149.860373,10.4,244.23624,0.19296333
-30.260777,149.860394,10.4,244.20576,0.17250746
-30.26077,149.860414,10.4,244.26672,0.17159953
-30.260765,149.860435,10.4,244.26672,0.15804615
-30.260759,149.860456,10.4,244.23624,0.15437066
-30.260753,149.860477,10.4,244.23624,0.1598839
-30.260747,149.860497,10.4,244.26672,0.17541285
-30.260741,149.860518,10.4,244.2972,0.19019536
-30.260735,149.860539,10.4,244.2972,0.19792962
-30.260729,149.860559,10.4,244.26672,0.21685402
-30.260723,149.86058,10.4,244.32768,0.24103967
-30.260717,149.860601,10.4,244.2972,0.24514219
-30.260711,149.860622,10.4,244.26672,0.26095993
-30.260705,149.860643,10.4,244.2972,0.27681899
-30.260699,149.860663,10.4,244.32768,0.28274394
-30.260693,149.860684,10.4,244.32768,0.29390489
-30.260688,149.860706,10.4,244.26672,0.28910308
-30.260681,149.860728,10.4,244.35816,0.2911992
-30.260674,149.860752,10.4,244.32768,0.27748009
-30.260668,149.860775,10.4,244.35816,0.29014413
-30.260661,149.860798,10.4,244.35816,0.29194472
-30.260654,149.860821,10.4,244.38864,0.3017499
-30.260647,149.860844,10.4,244.38864,0.30506583
-30.260641,149.860867,10.4,244.35816,0.30506583
-30.260635,149.86089,10.4,244.35816,0.29659178
-30.260629,149.860912,10.4,244.32768,0.29639919
-30.260623,149.860935,10.4,244.32768,0.2879273
-30.260616,149.860957,10.4,244.38864,0.29103982
-30.26061,149.86098,10.4,244.38864,0.28133849
-30.260604,149.861002,10.4,244.38864,0.2830333
-30.260597,149.861025,10.4,244.41912,0.29135501
-30.260591,149.861048,10.4,244.4496,0.30337102
-30.260584,149.861071,10.4,244.38864,0.30834611
-30.260577,149.861093,10.4,244.41912,0.34839905
-30.260571,149.861116,10.4,244.48008,0.36505068
-30.260564,149.861139,10.4,244.51056,0.38133229
-30.260557,149.861163,10.4,244.51056,0.37656563
-30.260549,149.861188,10.6,244.48008,0.36917968
-30.260542,149.861213,10.6,244.48008,0.37822082
-30.260535,149.861239,10.6,244.54104,0.39047353
-30.260527,149.861264,10.6,244.4496,0.3804811
-30.260519,149.861288,10.6,244.602,0.41218786
-30.260512,149.861312,10.6,244.51056,0.4063695
-30.260503,149.861338,10.6,244.54104,0.37678711
-30.260495,149.861363,10.6,244.57152,0.3804811
-30.260488,149.861388,10.6,244.54104,0.36917968
-30.26048,149.861413,10.6,244.602,0.3616454
-30.260472,149.861439,10.6,244.57152,0.35019037
-30.260465,149.861465,10.6,244.63248,0.32654883
-30.260456,149.861492,10.6,244.63248,0.29452056
-30.260448,149.861519,10.6,244.63248,0.28747461
-30.26044,149.861546,10.6,244.63248,0.28731657
-30.260433,149.861573,10.6,244.602,0.28042866
-30.260425,149.8616,10.6,244.66296,0.2771051
-30.260418,149.861628,10.6,244.63248,0.25691201
-30.260411,149.861655,10.6,244.66296,0.24749051
-30.260404,149.861682,10.6,244.72392,0.2383391
-30.260396,149.86171,10.6,244.66296,0.22690509
-30.260388,149.861736,10.6,244.7544,0.22901339
-30.26038,149.861763,10.6,244.72392,0.20339737
-30.260372,149.861789,10.6,244.7544,0.18118148
-30.260364,149.861817,10.6,244.69344,0.15219244
-30.260356,149.861843,10.6,244.72392,0.13370177
-30.260348,149.861869,10.6,244.7544,0.11968532
-30.260344,149.861888,10.6,244.7544,0.13779586
-30.260343,149.861905,10.6,244.78488,0.13472773
-30.260345,149.861916,10.6,244.81536,0.14181568
-30.26035,149.861934,10.6,244.78488,0.06617063
-30.260361,149.861953,10.6,244.81536,0.03848544
-30.26037,149.861965,10.6,244.78488,0.04173019
-30.260379,149.861973,10.6,244.78488,0.03804811
-30.260383,149.861975,10.6,244.81536,0.06764108
-30.26039,149.861979,10.6,244.81536,0.02378007
-30.260399,149.861984,10.6,244.81536,0.01352822
-30.260407,149.861987,10.6,244.84584,0.01233993
-30.260407,149.861986,10.6,244.84584,0.60876976
-30.260532,149.861924,10.6,244.9068,0.00287156
-30.260545,149.861918,10.6,244.9068,0.01227358
-30.26056,149.861911,10.6,244.9068,0.02646825
-30.260574,149.861905,10.6,244.93728,0.05707216
-30.260589,149.861899,10.6,244.93728,0.08359866
-30.260606,149.861892,10.6,244.9068,0.11363702
-30.260621,149.861885,10.6,244.93728,0.15862311
-30.260637,149.861879,10.6,244.93728,0.18921222
-30.260653,149.861872,10.6,244.93728,0.22623201
-30.260669,149.861865,10.6,244.93728,0.261771
-30.260685,149.861859,10.6,244.93728,0.30027157
-30.260701,149.861852,10.6,244.96776,0.34296888
-30.260717,149.861846,10.6,244.96776,0.3429403
-30.260732,149.86184,10.6,244.93728,0.38265528
-30.260748,149.861833,10.6,244.96776,0.36526186
-30.260764,149.861826,10.6,244.93728,0.39105002
-30.26078,149.861819,10.6,244.93728,0.38849123
-30.260796,149.861813,10.6,244.93728,0.4253049
-30.260813,149.861806,10.6,244.93728,0.41704682
-30.26083,149.861799,10.6,244.9068,0.4195048
-30.260847,149.861792,10.6,244.93728,0.42043162
-30.260865,149.861784,10.6,244.9068,0.42651462
-30.260881,149.861777,10.6,244.93728,0.48576491
-30.260895,149.861772,10.6,244.93728,0.55725847
-30.260909,149.861766,10.6,244.93728,0.55803895
-30.260924,149.86176,10.6,244.93728,0.54971001
-30.260938,149.861754,10.6,244.93728,0.55342705
-30.260953,149.861747,10.6,244.9068,0.52715932
-30.260967,149.861741,10.6,244.87632,0.54971001
-30.260982,149.861735,10.6,244.84584,0.55425306
-30.260996,149.861729,10.6,244.87632,0.55652459
-30.26101,149.861723,10.6,244.87632,0.57833127
-30.261025,149.861717,10.6,244.84584,0.55953103
-30.261042,149.861709,10.6,244.87632,0.48547462
-30.261058,149.861703,10.6,244.84584,0.5174543
-30.261075,149.861696,10.6,244.9068,0.51465075
-30.261092,149.86169,10.6,244.9068,0.50796697
-30.261109,149.861683,10.6,244.9068,0.49808435
-30.261125,149.861676,10.6,244.87632,0.4862252
-30.261141,149.861669,10.6,244.93728,0.48904504
-30.261162,149.861661,10.6,244.9068,0.37400483
-30.261175,149.861656,10.6,244.9068,0.55803895
-30.261195,149.861648,10.6,244.84584,0.34000439
-30.261208,149.861642,10.6,244.9068,0.52866848
-30.261228,149.861634,10.6,244.9068,0.3012142
-30.261245,149.861627,10.6,244.93728,0.36446084
-30.261261,149.861621,10.6,244.87632,0.34984496
-30.261277,149.861615,10.6,244.93728,0.35934326
-30.261294,149.861608,10.6,244.9068,0.31609199
-30.261311,149.861601,10.6,244.93728,0.32061874
-30.261328,149.861594,10.6,244.93728,0.30438488
-30.261344,149.861587,10.6,244.9068,0.30037982
-30.26136,149.861581,10.6,244.96776,0.30015731
-30.261373,149.861575,10.6,244.96776,0.31911318
-30.261385,149.86157,10.6,244.93728,0.31797349
-30.261395,149.861565,10.6,244.96776,0.34077872
-30.261404,149.861561,10.6,244.99824,0.32612666
-30.261436,149.861548,10.6,244.99824,0.13005536
-30.261448,149.861544,10.6,244.96776,0.09131546
-30.261461,149.861539,10.6,244.93728,0.05834044
-30.261475,149.861535,10.6,244.93728,0.04127253
-30.261486,149.861532,10.6,244.99824,0.03348234
-30.261498,149.861528,10.6,244.96776,0.025844
-30.261511,149.861524,10.6,244.99824,0.02209245
-30.261527,149.861519,10.6,244.99824,0.02143555
-30.261544,149.861515,10.6,245.0592,0.03127242
-30.26156,149.861512,10.6,245.02872,0.05144533
-30.261576,149.861507,10.6,245.0592,0.06671449
-30.261592,149.861502,10.6,245.12016,0.08547795
-30.26161,149.861498,10.6,245.08968,0.1001773
-30.261627,149.861492,10.6,245.12016,0.12329514
-30.261645,149.861487,10.6,245.12016,0.14256001
-30.261662,149.861481,10.6,245.18112,0.158046
-30.261679,149.861475,10.6,245.18112,0.17338379
-30.261697,149.861468,10.6,245.15064,0.18536259
-30.261714,149.861462,10.6,245.18112,0.18536259
-30.26173,149.861456,10.6,245.2116,0.19172294
-30.261747,149.861447,10.6,245.2116,0.19214296
-30.261763,149.861439,10.6,245.24208,0.20753515
-30.26178,149.861431,10.6,245.24208,0.21191352
-30.261797,149.861422,10.6,245.24208,0.21983352
-30.261816,149.861412,10.6,245.27256,0.20905555
-30.261836,149.861404,10.6,245.33352,0.22001733
-30.261855,149.861395,10.6,245.33352,0.25306417
-30.261874,149.861387,10.6,245.33352,0.25588399
-30.261893,149.861378,10.6,245.364,0.27531441
-30.261912,149.86137,10.6,245.364,0.28709028
-30.261933,149.861361,10.6,245.33352,0.27362258
-30.261955,149.861352,10.6,245.364,0.24470157
-30.261977,149.861344,10.6,245.42496,0.23121544
-30.262001,149.861336,10.6,245.39448,0.22200549
-30.262025,149.861327,10.6,245.42496,0.21502418
-30.262048,149.861318,10.6,245.45544,0.21804494
-30.262072,149.861309,10.6,245.48592,0.20061731
-30.262095,149.861299,10.6,245.45544,0.20197501
-30.262118,149.86129,10.6,245.45544,0.20244466
-30.262138,149.861283,10.6,245.5164,0.23167071
-30.262157,149.861276,10.6,245.5164,0.24212434
-30.262177,149.861268,10.6,245.5164,0.24181688
-30.262197,149.861261,10.6,245.48592,0.23414222
-30.262214,149.861254,10.6,245.57736,0.26116974
-30.262229,149.861248,10.6,245.5164,0.29556213
-30.262243,149.861243,10.6,245.5164,0.31163214
-30.262251,149.86124,10.6,245.48592,0.55803895
-30.262256,149.861238,10.6,245.54688,0.63413517
-30.262262,149.861236,10.6,245.5164,0.54438065
-30.262265,149.861234,10.6,245.54688,0.81467718
-30.262272,149.861231,10.6,245.54688,0.45182131
-30.262278,149.861229,10.6,245.54688,0.57615709
-30.262285,149.861226,10.6,245.54688,0.64550587
-30.262291,149.861224,10.6,245.57736,0.73997014
-30.2623,149.86122,10.6,245.57736,0.64960188
-30.262308,149.861216,10.6,245.60784,0.87022857
-30.262317,149.861212,10.6,245.57736,0.95916631
-30.26233,149.861207,10.6,245.57736,0.81169301
-30.262345,149.8612,10.6,245.57736,0.7223782
-30.26236,149.861194,10.6,245.60784,0.82272145
-30.262373,149.861188,10.6,245.60784,1.04960303
-30.262392,149.861181,10.6,245.60784,0.73329085
-30.262407,149.861175,10.6,245.60784,0.97491389
-30.262422,149.861169,10.6,245.63832,0.99720121
-30.262437,149.861163,10.6,245.63832,0.90445793
-30.262452,149.861156,10.6,245.63832,0.80682841
-30.262467,149.861149,10.6,245.63832,0.78922651
-30.262478,149.861145,10.6,245.60784,1.03998167
-30.262487,149.861141,10.6,245.63832,1.00643388
-30.262496,149.861137,10.6,245.60784,0.63413517
-30.262501,149.861135,10.6,245.63832,1.09301843
-30.262508,149.861131,10.6,245.6688,0.66095003
-30.262518,149.861127,10.6,245.6688,0.5242184
-30.262528,149.861122,10.6,245.6688,0.57156716
-30.262541,149.861117,10.6,245.6688,0.47866977
-30.262555,149.86111,10.6,245.6688,0.5257557
-30.262567,149.861105,10.6,245.6688,0.73052371
-30.262578,149.861101,10.6,245.6688,0.94421432
-30.262591,149.861096,10.6,245.6688,0.87510653
-30.262604,149.861091,10.6,245.6688,0.99939702
-30.262618,149.861086,10.6,245.6688,1.0972584
-30.262633,149.86108,10.6,245.69928,1.05900573
-30.26265,149.861073,10.6,245.69928,1.09499496
-30.262667,149.861066,10.6,245.6688,1.15095533
-30.262685,149.861059,10.6,245.6688,1.2460756
-30.262702,149.861052,10.6,245.72976,1.30105976
-30.26272,149.861044,10.6,245.69928,1.40167358
-30.262738,149.861038,10.6,245.72976,1.50290034
-30.262755,149.861031,10.6,245.76024,1.56948454
-30.262773,149.861024,10.6,245.72976,1.5677655
-30.262792,149.861016,10.6,245.76024,1.56793607
-30.262813,149.861007,10.6,245.76024,1.39560467
-30.262836,149.860998,10.6,245.72976,1.34981893
-30.262859,149.860989,10.6,245.76024,1.46522526
-30.262881,149.860981,10.6,245.79072,1.51446399
-30.262902,149.860972,10.6,245.79072,1.61108765
-30.262925,149.860963,10.6,245.79072,1.59580423
-30.262946,149.860953,10.6,245.8212,1.67110313
-30.262968,149.860944,10.6,245.79072,1.71329509
-30.26299,149.860936,11.9,245.8212,1.74276006
-30.263011,149.860927,11.9,245.88216,1.78460278
-30.263034,149.860918,11.9,245.79072,1.72840281
-30.263055,149.860909,11.9,245.88216,1.8368605
-30.263077,149.860899,11.9,245.8212,1.7269467
-30.263099,149.86089,11.9,245.85168,1.73799601
-30.263121,149.86088,11.9,245.8212,1.73064408
-30.263142,149.860872,11.9,245.85168,1.81366782
-30.263163,149.860862,11.9,245.88216,1.73738456
-30.263185,149.860853,11.9,245.85168,1.71741061
-30.263207,149.860844,11.9,245.88216,1.72623292
-30.263229,149.860835,11.9,245.85168,1.75520389
-30.263251,149.860825,11.9,245.85168,1.79375304
-30.263272,149.860817,11.9,245.88216,1.8739688
-30.263294,149.860807,11.9,245.85168,1.77379425
-30.263316,149.860798,11.9,245.85168,1.86874271
-30.263337,149.860789,11.9,245.88216,1.92524514
-30.263359,149.860779,11.9,245.85168,1.82571017
-30.26338,149.860769,11.9,245.88216,1.90323796
-30.263402,149.86076,11.9,245.85168,1.86738996
-30.263424,149.86075,11.9,245.8212,1.86591957
-30.263446,149.860742,11.9,245.85168,1.89873858
-30.263468,149.860732,11.9,245.85168,1.86508975
-30.263489,149.860723,11.9,245.85168,1.86424333
-30.263511,149.860714,11.9,245.85168,1.86874271
-30.263533,149.860704,11.9,245.85168,1.82304997
-30.263555,149.860695,11.9,245.88216,1.88674023
-30.263577,149.860685,11.9,245.85168,1.85217218
-30.263599,149.860675,11.9,245.88216,1.83260483
-30.263622,149.860665,11.9,245.85168,1.8294651
-30.263645,149.860656,10.6,245.8212,1.89362517
-30.263668,149.860647,10.6,245.76024,1.86689393
-30.26369,149.860638,10.6,245.8212,1.87359237
-30.263712,149.860629,10.6,245.79072,1.78094423
-30.263733,149.860622,10.6,245.76024,1.88522248
-30.263751,149.860617,10.6,245.76024,2.01795902
-30.263768,149.860613,10.6,245.79072,2.00935154
-30.26378,149.860611,10.6,245.76024,2.53271193
-30.263789,149.860609,10.6,245.76024,3.15999566
-30.263799,149.860606,10.6,245.76024,2.22264376
-30.263811,149.860598,10.6,245.79072,1.57772829
-30.263819,149.860591,10.6,245.8212,1.99619852
-30.263831,149.860582,10.6,245.8212,1.31818291
-30.263844,149.860573,10.6,245.79072,1.21051525
-30.263861,149.860562,10.6,245.72976,0.89191849
-30.263873,149.860555,10.6,245.72976,1.27686878
-30.263892,149.860545,10.6,245.69928,0.82668166
-30.263908,149.860537,10.6,245.6688,0.89141286
-30.263887,149.860499,10.6,245.6688,0.21645147
-30.263892,149.860465,10.6,245.63832,0.06204769
-30.263866,149.86048,10.6,245.6688,0.09826598
-30.263855,149.860468,10.6,245.6688,0.27031195
-30.263845,149.860455,10.6,245.63832,0.38843145
-30.263835,149.860441,10.6,245.63832,0.53959138
-30.263826,149.860428,10.6,245.63832,0.69675601
-30.263817,149.860414,10.6,245.63832,0.80138832
-30.263809,149.8604,10.6,245.57736,0.87510653
-30.263804,149.860388,10.6,245.60784,1.16579409
-30.263798,149.860373,10.6,245.57736,0.98796109
-30.263797,149.860369,10.6,245.54688,3.11148988
-30.263805,149.860495,10.6,245.63832,0.00647627
-30.263802,149.860481,10.6,245.63832,0.00574311
-30.2638,149.860386,10.6,245.57736,0.17070233
-30.263794,149.860367,10.6,245.57736,0.2673651
-30.263789,149.860348,10.6,245.54688,0.37842445
-30.263784,149.86033,10.6,245.54688,0.51078285
-30.26378,149.860311,10.6,245.57736,0.65527301
-30.263775,149.860293,10.6,245.54688,0.78181048
-30.263769,149.860274,10.6,245.5164,0.89464475
-30.263764,149.860256,10.6,245.5164,1.03364032
-30.263758,149.860238,10.6,245.5164,1.12241924
-30.263751,149.86022,10.6,245.5164,1.16750365
-30.263745,149.860202,10.6,245.5164,1.21753952
-30.263739,149.860184,10.6,245.5164,1.22599466
-30.263733,149.860166,10.6,245.45544,1.19460641
-30.263726,149.860149,10.6,245.48592,2.35475525
-30.263695,149.860143,10.6,245.48592,1.17374313
-30.263689,149.860124,10.6,245.48592,2.1060143
-30.263684,149.860104,10.6,245.45544,1.91327639
-30.263679,149.860086,10.6,245.48592,1.88468446
-30.263674,149.860067,10.6,245.48592,1.73040719
-30.263668,149.860049,10.6,245.45544,1.58446924
-30.263663,149.86003,10.6,245.45544,1.46696602
-30.263657,149.860012,10.6,245.45544,1.33012023
-30.263651,149.859994,10.6,245.45544,1.2093129
-30.263645,149.859974,10.6,245.42496,1.0480087
-30.263638,149.859955,10.6,245.45544,0.98729967
-30.263632,149.859935,10.6,245.39448,0.90544869
-30.263626,149.859915,10.6,245.42496,0.86242383
-30.263619,149.859896,10.6,245.42496,0.84595278
-30.263613,149.859876,10.6,245.42496,0.76857182
-30.263606,149.859857,10.6,245.39448,0.63159863
-30.263599,149.859832,10.6,245.30304,0.44440192
-30.263602,149.859746,10.6,245.24208,0.31960412
-30.263572,149.85974,10.6,245.364,0.03252968
-30.263595,149.859716,10.6,245.5164,0.02141968
-30.263593,149.859703,10.6,245.63832,0.03445867
-30.263591,149.859691,10.6,245.69928,0.02705643
-30.263587,149.859675,10.6,245.63832,0.01189003
-30.263579,149.859653,10.6,245.39448,0.00699735
-30.263571,149.859639,10.6,245.2116,0.00936569
-30.263562,149.859628,10.6,245.18112,0.01087089
-30.263575,149.859601,10.6,245.15064,0.00269367
-30.263499,149.859627,10.6,245.27256,0.07194552
-30.263493,149.859667,10.6,245.30304,0.05336618
-30.263477,149.859674,10.6,245.33352,0.09612154
-30.263454,149.859649,10.6,245.33352,0.08161044
-30.26344,149.859653,10.6,245.33352,0.26633677
-30.263427,149.859657,10.6,245.30304,0.36998507
-30.263414,149.859661,10.6,245.33352,0.46406219
-30.2634,149.859666,10.6,245.33352,0.60876976
-30.263388,149.859672,10.6,245.33352,0.81869037
-30.263375,149.859677,10.6,245.364,0.99312016
-30.263362,149.859682,10.6,245.33352,1.18456449
-30.263349,149.859688,10.6,245.364,1.40524353
-30.263336,149.859693,10.6,245.33352,1.61922776
-30.263323,149.859698,10.6,245.364,1.9706297
-30.26331,149.859704,10.6,245.364,2.10614699
-30.263294,149.859711,10.6,245.364,2.02711875
-30.263278,149.859717,10.6,245.33352,2.15948732
-30.263262,149.859724,10.6,245.364,2.36211006
-30.263247,149.859731,10.6,245.364,2.51638733
-30.263231,149.859737,10.6,245.33352,2.68239175
-30.263216,149.859744,10.6,245.364,2.78808095
-30.2632,149.85975,10.6,245.39448,2.9088048
-30.263185,149.859756,10.6,245.364,2.96882436
-30.263168,149.859763,10.6,245.364,2.80354495
-30.263153,149.85977,10.6,245.39448,2.99523177
-30.263137,149.859778,10.6,245.364,2.98338879
-30.263122,149.859785,10.6,245.364,3.08457635
-30.263106,149.859792,10.6,245.33352,2.98009251
-30.26309,149.859798,10.6,245.33352,3.00271571
-30.263073,149.859805,10.6,245.33352,2.77140554
-30.263054,149.859813,10.6,245.30304,2.67321545
-30.263036,149.859819,10.6,245.30304,2.84280447
-30.263019,149.859826,10.6,245.30304,2.92970447
-30.263001,149.859834,10.6,245.27256,2.86598535
-30.262984,149.859843,10.6,245.27256,2.97996555
-30.262967,149.85985,10.6,245.24208,2.98631263
-30.262949,149.859858,10.6,245.27256,3.13439367
-30.262932,149.859865,10.6,245.24208,3.0145105
-30.262914,149.859873,10.6,245.18112,3.03834787
-30.262897,149.85988,10.6,245.2116,3.21915908
-30.262879,149.859887,10.6,245.18112,3.08418896
-30.262861,149.859894,10.6,245.18112,3.22267492
-30.262844,149.859901,10.6,245.18112,3.24740619
-30.262826,149.859909,10.6,245.15064,3.19418523
-30.262808,149.859917,10.6,245.12016,3.22573733
-30.262791,149.859924,10.6,245.12016,3.26285743
-30.262773,149.859931,10.6,245.12016,3.30925757
-30.262756,149.859939,10.6,245.12016,3.45286598
-30.262739,149.859947,10.6,245.08968,3.60383893
-30.262721,149.859955,10.6,245.08968,3.48929009
-30.262704,149.859963,10.6,245.08968,3.59061423
-30.262525,149.860036,11.1,245.02872,3.20312979
-30.262456,149.860064,11.1,244.96776,3.32145747
-30.26242,149.860078,11.1,244.96776,3.17507769
-30.262333,149.860115,11.1,244.96776,3.07675205
-30.262297,149.860128,11.1,244.9068,3.47150674
-30.26228,149.860136,11.1,244.93728,3.23722629
-30.262264,149.860142,11.1,244.9068,3.35231239
-30.262249,149.860149,11.1,244.9068,3.24493449
-30.262235,149.860155,11.1,244.87632,2.85322772
-30.26222,149.860161,11.1,244.87632,2.41049327
-30.262205,149.860167,11.1,244.84584,2.07585986
-30.26219,149.860173,11.1,244.84584,1.58588579
-30.262175,149.86018,11.1,244.84584,1.25122979
-30.26216,149.860187,11.1,244.9068,0.99669024
-30.262142,149.860194,11.1,244.87632,0.67549876
-30.262123,149.860202,11.1,244.7544,0.53770657
-30.262106,149.860208,11.1,244.78488,0.48659086
-30.26209,149.860215,11.1,244.84584,0.4321191
-30.262071,149.860222,11.1,244.78488,0.33651172
-30.262054,149.860229,11.1,244.78488,0.31226106
-30.262037,149.860236,11.1,244.78488,0.26969787
-30.26202,149.860243,11.1,244.81536,0.21673562
-30.262001,149.860251,11.1,244.72392,0.16935807
-30.261983,149.860259,11.1,244.7544,0.13022387
-30.261965,149.860269,11.1,244.72392,0.09522596
-30.261946,149.860279,11.1,244.72392,0.06801854
-30.261927,149.860289,11.1,244.7544,0.04761298
-30.261909,149.860298,11.1,244.7544,0.03519564
-30.26189,149.860307,11.1,244.72392,0.0218604
-30.261871,149.860315,11.1,244.69344,0.01530417
-30.261852,149.860323,11.1,244.72392,0.01031872
-30.261833,149.86033,11.1,244.69344,0.00703913
-30.261813,149.860337,11.1,244.69344,0.00510139
-30.261794,149.860344,11.1,244.69344,0.00869777
-30.261775,149.860351,11.1,244.69344,0.01360371
-30.261755,149.860357,11.1,244.69344,0.02407702
-30.261736,149.860364,11.1,244.69344,0.04348887
-30.261717,149.860371,11.1,244.66296,0.06707169
-30.261698,149.860378,11.1,244.69344,0.09970718
-30.261679,149.860386,11.1,244.66296,0.12779928
-30.26166,149.860394,11.1,244.66296,0.1687368
-30.261641,149.860402,11.1,244.63248,0.20526745
-30.261622,149.860411,11.1,244.63248,0.2329635
-30.261604,149.860419,11.1,244.66296,0.27597522
-30.261585,149.860427,11.1,244.63248,0.28754838
-30.261566,149.860433,11.1,244.602,0.3276093
-30.261549,149.860438,11.1,244.602,0.38830979
-30.261533,149.860444,11.1,244.63248,0.43090218
-30.261513,149.860452,11.1,244.602,0.34293284
-30.261492,149.860462,11.1,244.602,0.33143734
-30.261471,149.860472,11.1,244.602,0.3510493
-30.26145,149.860481,11.1,244.57152,0.36197083
-30.26143,149.86049,11.1,244.57152,0.39055807
-30.261409,149.860499,11.1,244.57152,0.37911748
-30.261388,149.860508,11.1,244.602,0.40357667
-30.261367,149.860516,11.1,244.54104,0.41189784
-30.261346,149.860525,11.1,244.602,0.4333139
-30.261325,149.860534,11.1,244.57152,0.42497846
-30.261305,149.860543,11.1,244.54104,0.45083762
-30.261283,149.860552,11.1,244.51056,0.43873676
-30.261263,149.86056,11.1,244.54104,0.45560023
-30.261242,149.860569,11.1,244.54104,0.4493431
-30.261221,149.860578,11.1,244.54104,0.46207382
-30.261201,149.860586,11.1,244.54104,0.45244728
-30.26118,149.860593,11.1,244.54104,0.45720989
-30.261158,149.860601,11.1,244.57152,0.43283598
-30.261137,149.860609,11.1,244.51056,0.45720989
-30.261115,149.860618,11.1,244.48008,0.44026546
-30.261095,149.860627,11.1,244.48008,0.46039602
-30.261074,149.860637,11.1,244.51056,0.45090332
-30.261053,149.860646,11.1,244.4496,0.44784656
-30.261033,149.860655,11.1,244.51056,0.47029701
-30.261012,149.860664,11.1,244.48008,0.43109326
-30.260991,149.860672,11.1,244.48008,0.4333139
-30.26097,149.86068,11.1,244.48008,0.39225182
-30.260944,149.86069,11.1,244.4496,0.3065965
-30.260928,149.860696,11.1,244.4496,0.44797011
-30.260907,149.860704,11.1,244.41912,0.32452557
-30.260881,149.860712,11.1,244.48008,0.25049587
-30.260863,149.860718,11.1,244.41912,0.33908103
-30.260842,149.860725,11.1,244.41912,0.2564836
-30.260822,149.860734,11.1,244.4496,0.23258761
-30.260798,149.860746,11.1,244.38864,0.16945046
-30.260777,149.860757,11.1,244.38864,0.18955874
-30.26076,149.860764,11.1,244.38864,0.45402376
-30.260735,149.860775,11.1,244.35816,0.26905111
-30.260724,149.860813,11.1,244.32768,0.18766315
-30.260732,149.860802,11.1,244.41912,0.04881976
-30.260757,149.860828,11.1,244.38864,0.04118129
-30.260755,149.860844,11.1,244.41912,0.08435414
-30.260727,149.860857,11.1,244.4496,0.05985885
-30.260724,149.860878,11.1,244.41912,0.13999066
-30.260721,149.8609,11.1,244.4496,0.18016816
-30.260719,149.860923,11.1,244.4496,0.2342186
-30.260716,149.860944,11.1,244.4496,0.29899125
-30.260713,149.860967,11.1,244.38864,0.33191888
-30.260708,149.860988,11.1,244.48008,0.41105031
-30.260702,149.86101,11.1,244.4496,0.42762703
-30.260696,149.861032,11.1,244.4496,0.46282267
-30.26069,149.861053,11.1,244.48008,0.50690202
-30.260683,149.861073,11.1,244.48008,0.53892251
-30.260677,149.861094,11.1,244.48008,0.54951288
-30.260671,149.861116,11.1,244.41912,0.54622015
-30.260665,149.861138,11.1,244.4496,0.58014147
-30.260658,149.861159,11.1,244.4496,0.59112112
-30.260653,149.86118,11.1,244.4496,0.61797678
-30.260648,149.861202,11.1,244.48008,0.63779528
-30.260642,149.861223,11.1,244.48008,0.65581209
-30.260636,149.861247,11.1,244.48008,0.62033282
-30.26063,149.86127,11.1,244.48008,0.64028991
-30.260624,149.861294,11.1,244.48008,0.62766793
-30.260617,149.861317,11.1,244.54104,0.66689936
-30.26061,149.861341,11.1,244.54104,0.66010546
-30.260603,149.861367,11.1,244.54104,0.62933986
-30.260595,149.861393,11.1,244.57152,0.61977846
-30.260586,149.861418,11.1,244.602,0.6373795
-30.260577,149.861444,11.1,244.54104,0.64139864
-30.260569,149.86147,11.1,244.51056,0.66413831
-30.260562,149.861495,11.1,244.54104,0.6886027
-30.260554,149.861523,11.1,244.57152,0.63759509
-30.260547,149.861549,10.3,244.57152,0.67307992
-30.26054,149.861575,10.3,244.63248,0.65973692
-30.260532,149.861601,10.3,244.63248,0.63136881
-30.260524,149.861626,10.3,244.69344,0.64937401
-30.260516,149.861652,10.3,244.66296,0.60208672
-30.260507,149.861679,10.3,244.66296,0.55849764
-30.260499,149.861705,10.3,244.69344,0.53809682
-30.260493,149.861731,10.3,244.72392,0.50110355
-30.260486,149.861758,10.3,244.72392,0.43920335
-30.260478,149.861785,10.3,244.72392,0.38607967
-30.260471,149.861811,10.3,244.78488,0.35136551
-30.260463,149.861837,10.3,244.78488,0.29958904
-30.260455,149.861863,10.3,244.78488,0.486278
-30.260529,149.861828,10.3,244.78488,0.05090105
-30.26053,149.861827,10.3,244.81536,0.61081261
-30.260538,149.861822,10.3,244.84584,0.17132549
-30.260552,149.861815,10.3,244.84584,0.10256182
-30.260559,149.861778,10.3,244.81536,0.07635158
-30.260578,149.86177,10.3,244.84584,0.17699684
-30.260597,149.861763,10.3,244.9068,0.24046359
-30.260617,149.861756,10.3,244.84584,0.30540631
-30.260636,149.861748,10.3,244.87632,0.38522841
-30.260655,149.86174,10.3,244.87632,0.45810946
-30.260674,149.861732,10.3,244.84584,0.52231419
-30.260693,149.861724,10.3,244.84584,0.58097406
-30.260712,149.861716,10.3,244.84584,0.60566531
-30.260731,149.861708,10.3,244.81536,0.64378261
-30.260749,149.8617,10.3,244.84584,0.68716419
-30.260768,149.861692,10.3,244.84584,0.69506263
-30.260787,149.861684,10.3,244.87632,0.70208346
-30.260806,149.861676,10.3,244.84584,0.69410524
-30.260825,149.861668,10.3,244.84584,0.68459054
-30.260844,149.86166,10.3,244.84584,0.69410524
-30.260863,149.861652,10.3,244.81536,0.70559388
-30.260882,149.861644,10.3,244.84584,0.7091043
-30.260901,149.861636,10.3,244.87632,0.72267655
-30.26092,149.861628,10.3,244.84584,0.6956477
-30.260939,149.86162,10.3,244.78488,0.7301668
-30.260958,149.861612,10.3,244.81536,0.71091801
-30.260977,149.861604,10.3,244.81536,0.75286206
-30.260995,149.861597,10.3,244.84584,0.7707018
-30.261014,149.861589,10.3,244.81536,0.76000535
-30.261033,149.861581,10.3,244.81536,0.76351576
-30.261052,149.861573,10.3,244.84584,0.77594509
-30.261071,149.861565,10.3,244.7544,0.73666686
-30.261089,149.861557,10.3,244.84584,0.79623787
-30.261108,149.861549,10.3,244.81536,0.7617805
-30.261127,149.861541,10.3,244.84584,0.76527097
-30.261146,149.861534,10.3,244.84584,0.74069805
-30.261165,149.861526,10.3,244.87632,0.73155464
-30.261183,149.861518,10.3,244.9068,0.7239926
-30.261202,149.86151,10.3,244.84584,0.66341036
-30.261221,149.861502,10.3,244.9068,0.67118363
-30.26124,149.861494,10.3,244.87632,0.65520306
-30.261259,149.861486,10.3,244.9068,0.61775366
-30.261278,149.861478,10.3,244.87632,0.5830484
-30.261297,149.86147,10.3,244.87632,0.56166677
-30.261315,149.861462,10.3,244.9068,0.54866598
-30.261334,149.861455,10.3,244.9068,0.49975577
-30.261353,149.861447,10.3,244.87632,0.4563742
-30.261371,149.861439,10.3,244.9068,0.43265893
-30.26139,149.861431,10.3,244.93728,0.36683861
-30.261404,149.861425,10.3,244.9068,0.4151617
-30.261316,149.861411,10.3,244.9068,0.05090105
-30.261287,149.861401,10.3,244.93728,0.01981644
-30.261311,149.861379,10.3,244.9068,0.03559246
-30.261306,149.86136,10.3,244.87632,0.09698714
-30.261301,149.861341,10.3,244.81536,0.12827065
-30.261295,149.861323,10.3,244.84584,0.16734592
-30.261289,149.861304,10.3,244.78488,0.2036042
-30.261284,149.861287,10.3,244.84584,0.26999688
-30.261279,149.861268,10.3,244.81536,0.30122266
-30.261274,149.861251,10.3,244.78488,0.35339873
-30.261268,149.861232,10.3,244.81536,0.36524943
-30.261262,149.861214,10.3,244.78488,0.39660402
-30.261256,149.861196,10.3,244.78488,0.41357104
-30.26125,149.861178,10.3,244.78488,0.43091575
-30.261243,149.86116,10.3,244.78488,0.44974216
-30.261236,149.861138,10.3,244.78488,0.38869893
-30.261232,149.861124,10.3,244.7544,0.6081798
-30.261225,149.861102,10.3,244.7544,0.41422924
-30.26122,149.861088,10.3,244.7544,0.64240637
-30.261212,149.861066,10.3,244.69344,0.43529175
-30.261206,149.861049,10.3,244.72392,0.52923147
-30.2612,149.861031,10.3,244.72392,0.5441394
-30.261194,149.861013,10.3,244.72392,0.54082367
-30.261187,149.860995,10.3,244.69344,0.52827037
-30.261181,149.860976,10.3,244.63248,0.5232628
-30.261175,149.860959,10.3,244.66296,0.56282019
-30.26117,149.860942,10.3,244.69344,0.57761627
-30.261164,149.860923,10.3,244.63248,0.52157051
-30.261158,149.860905,10.3,244.602,0.55433336
-30.261151,149.860886,10.3,244.602,0.56060884
-30.261146,149.86087,10.3,244.69344,0.61754952
-30.261139,149.860851,10.3,244.66296,0.57573216
-30.261133,149.860834,10.3,244.63248,0.61299409
-30.261129,149.860815,10.3,244.54104,0.5919862
-30.261125,149.860797,10.3,244.63248,0.61517556
-30.26112,149.860779,10.3,244.602,0.5747577
-30.261114,149.860762,10.3,244.54104,0.56655083
-30.26111,149.860749,10.3,244.57152,0.67996121
-30.261104,149.860735,10.3,244.57152,0.57536367
-30.261099,149.860722,10.3,244.57152,0.50530861
-30.261037,149.860627,10.3,244.51056,0.0715796
-30.261032,149.860595,10.3,244.4496,0.02731276
-30.261011,149.860593,10.3,244.48008,0.02684891
-30.260996,149.860594,10.3,244.41912,0.02213089
-30.260993,149.860595,10.3,244.41912,0.09397117
-30.261019,149.860711,10.3,244.48008,0.1822586
-30.261044,149.860737,10.3,244.51056,0.06544421
-30.261018,149.860749,10.3,244.54104,0.11834494
-30.261021,149.860772,10.3,244.51056,0.23269052
-30.261023,149.860794,10.3,244.57152,0.30540631
-30.261025,149.860815,10.3,244.54104,0.37989565
-30.261029,149.860837,10.3,244.48008,0.44707068
-30.261034,149.860857,10.3,244.602,0.54229197
-30.261041,149.860878,10.3,244.54104,0.55991156
-30.261047,149.860898,10.3,244.602,0.63753566
-30.261053,149.860919,10.3,244.602,0.64944835
-30.261059,149.86094,10.3,244.602,0.68716419
-30.261065,149.860961,10.3,244.54104,0.69443577
-30.261071,149.860981,10.3,244.57152,0.75397182
-30.261077,149.861002,10.3,244.63248,0.76540099
-30.261084,149.861022,10.3,244.57152,0.76167597
-30.261091,149.861042,10.3,244.602,0.79179413
-30.261098,149.861062,10.3,244.69344,0.80932671
-30.261106,149.861086,10.3,244.66296,0.66067487
-30.261112,149.861104,10.3,244.57152,0.94277599
-30.261118,149.861123,10.3,244.69344,0.83399414
-30.261126,149.861147,10.3,244.72392,0.66748595
-30.261131,149.861164,10.3,244.66296,0.93673128
-30.26114,149.861188,10.3,244.66296,0.62171998
-30.261146,149.861207,10.3,244.81536,0.76931462
-30.261154,149.861229,10.3,244.63248,0.70492037
-30.26116,149.861248,10.3,244.7544,0.75191806
-30.261166,149.861268,10.3,244.7544,0.71638516
-30.261172,149.86129,10.3,244.69344,0.67625682
-30.261178,149.86131,10.3,244.7544,0.69861692
-30.261184,149.86133,10.3,244.7544,0.68813066
-30.261189,149.861352,10.3,244.7544,0.63262735
-30.261195,149.861372,10.3,244.7544,0.64135324
-30.261203,149.861392,10.3,244.7544,0.5863047
-30.261211,149.86141,10.3,244.84584,0.54122636
-30.261181,149.861412,10.3,244.78488,0.08522967
-30.261151,149.861401,10.3,244.81536,0.05614087
-30.261141,149.861408,10.3,244.87632,0.12627376
-30.261146,149.861439,10.3,244.78488,0.08271421
-30.261132,149.861446,10.3,244.78488,0.21143513
-30.261117,149.861453,10.3,244.78488,0.26335761
-30.261103,149.861459,10.3,244.78488,0.3493663
-30.261087,149.861465,10.3,244.7544,0.38280379
-30.261071,149.861472,11.6,244.72392,0.42939832
-30.261054,149.861478,11.6,244.72392,0.47296877
-30.261038,149.861485,11.6,244.72392,0.52869536
-30.261022,149.861492,11.6,244.72392,0.61226779
-30.261005,149.861499,11.6,244.72392,0.62511257
-30.260986,149.861507,11.6,244.72392,0.60895979
-30.260966,149.861516,11.6,244.69344,0.57819867
-30.260946,149.861524,11.6,244.72392,0.62676631
-30.260926,149.861533,11.6,244.72392,0.62437367
-30.260906,149.861541,11.6,244.69344,0.65430462
-30.260886,149.861549,11.6,244.72392,0.67720529
-30.260866,149.861557,11.6,244.72392,0.64838804
-30.260847,149.861566,11.6,244.72392,0.6532261
-30.260827,149.861574,11.6,244.7544,0.6370746
-30.260806,149.861583,11.6,244.72392,0.56937993
-30.260786,149.861591,11.6,244.72392,0.58233112
-30.260766,149.8616,11.6,244.69344,0.55826959
-30.260747,149.861608,11.6,244.72392,0.55514112
-30.260726,149.861616,11.6,244.72392,0.50590277
-30.260706,149.861625,11.6,244.7544,0.49072847
-30.260687,149.861633,11.6,244.7544,0.47296877
-30.260666,149.861641,11.6,244.72392,0.42454039
-30.260646,149.861649,11.6,244.7544,0.40239734
-30.260626,149.861658,11.6,244.7544,0.35761617
-30.260606,149.861667,11.6,244.7544,0.30414834
-30.260585,149.861675,11.6,244.72392,0.51325032
-30.260614,149.8614,11.6,244.54104,0.11650844
-30.260641,149.861422,11.6,244.54104,0.12749853
-30.260658,149.861414,11.6,244.54104,0.35886092
-30.260675,149.861407,11.6,244.602,0.25467549
-30.260682,149.86137,11.6,244.57152,0.18440332
-30.260699,149.861362,11.6,244.57152,0.41059635
-30.260716,149.861354,11.6,244.602,0.50349145
-30.260734,149.861347,11.6,244.602,0.59824445
-30.260752,149.861339,11.6,244.602,0.66215628
-30.260772,149.861331,11.6,244.66296,0.69029138
-30.260793,149.861323,11.6,244.63248,0.74444553
-30.260813,149.861314,11.6,244.66296,0.80528194
-30.260833,149.861306,11.6,244.66296,0.85066489
-30.260854,149.861297,11.6,244.63248,0.89510236
-30.260874,149.861289,11.6,244.63248,0.97737633
-30.260895,149.86128,11.6,244.602,0.97585825
-30.260915,149.861271,11.6,244.602,1.04048506
-30.260935,149.861263,11.6,244.602,1.04222374
-30.260956,149.861255,11.6,244.602,1.06152131
-30.260976,149.861246,11.6,244.602,1.05343045
-30.260996,149.861238,11.6,244.66296,1.06488078
-30.261016,149.861229,11.6,244.63248,1.01783065
-30.261036,149.861221,11.6,244.66296,0.96281277
-30.261056,149.861212,11.6,244.63248,0.87412314
-30.261015,149.860963,11.6,244.51056,0.34202287
-30.260999,149.86097,11.6,244.51056,0.27589845
-30.260978,149.860981,11.6,244.48008,0.28729921
-30.260957,149.86099,11.6,244.48008,0.36854709
-30.260937,149.860999,11.6,244.51056,0.46587881
-30.260915,149.861008,11.6,244.51056,0.52517961
-30.260895,149.861016,11.6,244.48008,0.60039265
-30.260874,149.861024,11.6,244.51056,0.65423575
-30.260853,149.861033,11.6,244.51056,0.67720529
-30.260832,149.861042,11.6,244.54104,0.67953245
-30.260812,149.861051,11.6,244.48008,0.6819081
-30.26079,149.861059,11.6,244.48008,0.64802864
-30.260769,149.861068,11.6,244.4496,1.21927664
-30.260758,149.861106,11.6,244.48008,0.7207682
-30.260578,149.861563,11.6,244.57152,0.0762483
-30.260595,149.861588,11.6,244.57152,0.09128086
-30.260613,149.861578,11.6,244.63248,0.10849284
-30.26062,149.861536,11.6,244.66296,0.08747235
-30.260633,149.861526,11.6,244.66296,0.28378126
-30.260647,149.861518,11.6,244.63248,0.38950369
-30.260663,149.861509,11.6,244.66296,0.42701556
-30.260683,149.861501,11.6,244.66296,0.47852458
-30.260702,149.861493,11.6,244.63248,0.57186224
-30.260722,149.861485,11.6,244.66296,0.65984105
-30.260743,149.861477,11.6,244.69344,0.69563264
-30.260766,149.861468,11.6,244.69344,0.7349175
-30.260788,149.861459,11.6,244.69344,0.78541481
-30.260811,149.861449,11.6,244.66296,0.85764726
-30.260833,149.86144,11.6,244.66296,0.8971523
-30.260855,149.86143,11.6,244.69344,0.96403041
-30.260877,149.861421,11.6,244.72392,0.96805628
-30.260899,149.861411,11.6,244.69344,0.98976157
-30.260922,149.861401,11.6,244.66296,0.9889347
-30.260944,149.861392,11.6,244.66296,0.99844369
-30.260966,149.861383,11.6,244.69344,1.00083198
-30.260989,149.861374,11.6,244.66296,0.99352663
-30.261011,149.861364,11.6,244.69344,0.99293934
-30.261033,149.861355,11.6,244.69344,0.95358608
-30.261055,149.861346,11.6,244.72392,0.9387004
-30.261077,149.861336,11.6,244.69344,0.85518873
-30.261059,149.861066,11.6,244.602,0.07524503
-30.261035,149.861049,11.6,244.63248,0.0939058
-30.261031,149.861052,11.6,244.72392,0.56851802
-30.261039,149.861084,11.6,244.69344,0.12279989
-30.26102,149.861097,11.6,244.63248,0.22492601
-30.261005,149.861104,11.6,244.602,0.38697445
-30.260987,149.861112,11.6,244.602,0.40251559
-30.26097,149.861118,11.6,244.63248,0.50226059
-30.260948,149.861126,11.6,244.63248,0.47757561
-30.26093,149.861132,11.6,244.54104,0.61612403
-30.260912,149.861139,11.6,244.57152,0.70228696
-30.260894,149.861146,11.6,244.602,0.74143885
-30.260875,149.861155,11.6,244.602,0.72370503
-30.260855,149.861164,11.6,244.57152,0.70334303
-30.260835,149.861173,11.6,244.54104,0.7300369
-30.260814,149.861181,11.6,244.57152,0.75406849
-30.260795,149.861189,11.6,244.602,0.78387132
-30.260778,149.861196,11.6,244.57152,0.9346225
-30.260755,149.861206,11.6,244.57152,0.63753063
-30.260734,149.861214,11.6,244.54104,0.71722924
-30.260714,149.861223,11.6,244.57152,1.33840099
-30.260704,149.861261,11.6,244.54104,0.76154032
-30.260744,149.860951,11.6,244.51056,0.09482936
-30.260769,149.860972,11.6,244.4496,0.09073666
-30.260786,149.860964,11.6,244.48008,0.12227318
-30.260791,149.860927,11.6,244.51056,0.10139401
-30.260808,149.860918,11.6,244.51056,0.243832
-30.260824,149.860911,11.6,244.51056,0.31856988
-30.260841,149.860903,11.6,244.51056,0.3928377
-30.260857,149.860896,11.6,244.54104,0.47127152
-30.260874,149.860889,11.6,244.51056,0.52769243
-30.260891,149.860883,11.6,244.51056,0.56530242
-30.260908,149.860876,11.6,244.51056,0.60196025
-30.260925,149.860869,11.6,244.48008,0.58291088
-30.260941,149.860862,11.6,244.54104,0.57621853
-30.260958,149.860855,11.6,244.54104,0.51706842
-30.260964,149.860771,11.6,244.57152,0.00195442
-30.260945,149.860775,11.6,244.48008,0.00349977
-30.260924,149.860777,11.6,244.51056,0.00334422
-30.260906,149.86078,11.6,244.51056,0.0075245
-30.260887,149.860785,11.6,244.51056,0.00708189
-30.260869,149.860792,11.6,244.48008,0.01142963
-30.260842,149.860805,11.6,244.48008,0.00699954
-30.26082,149.860815,11.6,244.38864,0.00885236
-30.260799,149.860824,11.6,244.48008,0.01216081
-30.260757,149.860669,11.6,244.35816,0.00442618
-30.260771,149.860666,11.6,244.41912,0.0098682
-30.260791,149.860661,11.6,244.38864,0.01337689
-30.260813,149.860653,11.6,244.41912,0.02235001
-30.260834,149.860643,11.6,244.4496,0.03992594
-30.260856,149.860633,11.6,244.41912,0.05901571
-30.260877,149.860623,11.6,244.41912,0.0881659
-30.260898,149.860614,11.6,244.41912,0.11738225
-30.26092,149.860605,11.6,244.41912,0.14898516
-30.260942,149.860596,11.6,244.41912,0.1839323
-30.260963,149.860588,11.6,244.4496,0.21737454
-30.260985,149.860579,11.6,244.41912,0.49059761
-30.260997,149.860541,11.6,244.4496,0.35802865
-30.261018,149.860532,11.6,244.48008,0.31365297
-30.261049,149.860552,11.6,244.4496,0.20258278
-30.26107,149.860543,11.6,244.48008,0.33629922
-30.261091,149.860534,11.6,244.51056,0.35062633
-30.261113,149.860526,11.6,244.48008,0.35626219
-30.261135,149.860516,11.6,244.51056,0.35611015
-30.261156,149.860508,11.6,244.48008,0.37242491
-30.261177,149.860499,11.6,244.48008,0.37850531
-30.261199,149.860489,11.6,244.48008,0.38002541
-30.26122,149.860481,11.6,244.48008,0.37850531
-30.261242,149.860472,11.6,244.48008,0.37171046
-30.261263,149.860463,11.6,244.48008,0.3709048
-30.261284,149.860454,11.6,244.51056,0.3633043
-30.261306,149.860445,11.6,244.51056,0.35266358
-30.261327,149.860436,11.6,244.51056,0.33594247
-30.261349,149.860427,11.6,244.54104,0.32378165
-30.26137,149.860418,11.6,244.54104,0.31162084
-30.261391,149.860409,11.6,244.54104,0.30405135
-30.261417,149.860398,11.6,244.51056,0.23755043
-30.261434,149.860391,11.6,244.51056,0.35431838
-30.261455,149.860382,11.6,244.57152,0.28101716
-30.261481,149.860371,11.6,244.54104,0.22698918
-30.261498,149.860364,11.6,244.57152,0.34288875
-30.261524,149.860353,11.6,244.57152,0.22636741
-30.261545,149.860344,11.6,244.54104,0.2733391
-30.261563,149.860337,11.6,244.57152,0.32513285
-30.261588,149.860327,11.6,244.57152,0.22123326
-30.26161,149.860317,11.6,244.602,0.25330011
-30.261632,149.860308,11.6,244.57152,0.25282331
-30.261653,149.860299,11.6,244.602,0.24777657
-30.261674,149.86029,11.6,244.602,0.2317547
-30.261696,149.860281,11.6,244.602,0.21971549
-30.261717,149.860272,11.6,244.602,0.21281423
-30.261738,149.860264,11.6,244.602,0.20789349
-30.26176,149.860255,11.6,244.602,0.19072008
-30.261782,149.860245,11.6,244.602,0.18359788
-30.261803,149.860236,11.6,244.63248,0.179372
-30.261825,149.860227,11.6,244.602,0.18058808
-30.261846,149.860218,11.6,244.63248,0.20577213
-30.261868,149.860209,11.6,244.63248,0.2458501
-30.261889,149.8602,11.6,244.602,0.31010074
-30.261911,149.860192,11.6,244.69344,0.37622516
-30.261932,149.860182,11.6,244.63248,0.46049959
-30.261954,149.860173,11.6,244.69344,0.56851802
-30.261975,149.860164,11.6,244.66296,0.70023948
-30.261993,149.860156,11.6,244.66296,0.93543255
-30.262012,149.860149,11.6,244.69344,1.14018354
-30.262029,149.860142,11.6,244.72392,1.39203309
-30.262048,149.860134,11.6,244.72392,1.4765731
-30.262066,149.860126,11.6,244.69344,1.61514336
-30.262084,149.860118,11.6,244.69344,1.8294515
-30.262102,149.860111,11.6,244.7544,2.01210789
-30.26212,149.860104,11.6,244.78488,2.06878509
-30.262138,149.860096,11.6,244.78488,2.12477638
-30.262156,149.860088,11.6,244.78488,2.21746202
-30.262174,149.860081,11.6,244.81536,2.25376786
-30.262192,149.860073,11.6,244.81536,2.33350255
-30.26221,149.860066,11.6,244.81536,2.40784102
-30.262228,149.860058,11.6,244.87632,2.36003829
-30.262246,149.86005,11.6,244.87632,2.41859031
-30.262265,149.860043,11.6,244.87632,2.42554573
-30.262283,149.860035,11.6,244.87632,2.46980752
-30.262301,149.860028,11.6,244.87632,2.58190182
-30.262319,149.86002,11.6,244.9068,2.56187203
-30.262338,149.860012,11.6,244.87632,2.62461837
-30.262356,149.860005,11.6,244.9068,2.61498617
-30.262374,149.859997,11.6,244.9068,2.66582399
-30.262392,149.859989,11.6,244.93728,2.67836482
-30.26241,149.859982,11.6,244.87632,2.72332621
-30.262428,149.859974,11.6,244.96776,2.67872313
-30.262447,149.859966,11.6,244.96776,2.69996879
-30.262465,149.859959,11.6,244.93728,2.71059162
-30.262483,149.859951,11.6,244.96776,2.7554014
-30.262502,149.859943,11.6,244.96776,2.72298492
-30.26252,149.859935,11.6,244.93728,2.72475539
-30.262538,149.859928,11.6,244.93728,2.75181831
-30.262557,149.85992,11.6,244.96776,2.71944397
-30.262575,149.859913,11.6,244.96776,2.71413256
-30.262593,149.859905,11.6,244.96776,2.79507765
-30.262611,149.859897,11.6,244.96776,2.66987078
-30.262629,149.85989,11.6,244.99824,2.70700801
-30.262648,149.859882,11.6,244.99824,2.58282947
-30.262666,149.859875,11.6,245.02872,2.67945723
-30.262684,149.859867,11.6,245.02872,2.55656061
-30.262702,149.859859,11.6,245.02872,2.56191418
-30.262721,149.859851,11.6,245.02872,2.5368325
-30.262739,149.859844,11.6,245.0592,2.51175082
-30.262757,149.859836,11.6,245.0592,2.49025224
-30.262775,149.859829,11.6,245.0592,2.47412831
-30.262793,149.859822,11.6,245.08968,2.52529668
-30.262812,149.859814,11.6,245.08968,2.36805629
-30.26283,149.859806,11.4,245.12016,2.41328862
-30.262848,149.859798,11.4,245.12016,2.42406223
-30.262866,149.859791,11.4,245.15064,2.37247565
-30.262884,149.859783,11.4,245.18112,2.43720078
-30.262903,149.859776,11.4,245.18112,2.29753495
-30.26292,149.859768,11.4,245.18112,2.37834008
-30.262939,149.85976,11.4,245.24208,2.24826227
-30.262957,149.859753,11.4,245.2116,2.19147901
-30.262975,149.859745,11.4,245.18112,2.15113078
-30.262993,149.859737,11.4,245.2116,2.09187593
-30.263011,149.859729,11.4,245.27256,2.02543867
-30.263029,149.859722,11.4,245.27256,1.92530747
-30.263047,149.859714,11.4,245.30304,1.8476741
-30.263066,149.859707,11.4,245.27256,1.71414471
-30.263084,149.859699,11.4,245.27256,1.60412714
-30.263102,149.859691,11.4,245.30304,1.50830539
-30.263121,149.859684,11.4,245.30304,1.44545933
-30.263139,149.859676,11.4,245.33352,1.35924933
-30.263157,149.859669,11.4,245.33352,1.3138612
-30.263179,149.85966,11.4,245.30304,0.98329909
-30.263194,149.859654,11.4,245.33352,1.48742116
-30.263212,149.859646,11.4,245.33352,1.09485227
-30.263231,149.859638,11.4,245.33352,1.04021061
-30.263249,149.85963,11.4,245.30304,1.04504016
-30.263271,149.859621,11.4,245.33352,0.83031465
-30.263286,149.859615,11.4,245.33352,1.11830071
-30.263308,149.859605,11.4,245.30304,0.67370974
-30.263323,149.859599,11.4,245.33352,0.9249461
-30.263342,149.859591,11.4,245.33352,0.64716824
-30.263364,149.859582,11.4,245.33352,0.94978438
-30.263126,149.859563,11.4,245.2116,0.05635427
-30.263107,149.859598,11.4,245.15064,0.06381292
-30.263087,149.859602,11.4,245.18112,0.19105202
-30.263067,149.859608,11.4,245.12016,0.29488218
-30.263049,149.859616,11.4,245.18112,0.43652132
-30.263028,149.859625,11.4,245.18112,0.51624473
-30.263004,149.859635,11.4,245.12016,0.58961029
-30.262982,149.859644,11.4,245.15064,0.82353474
-30.262961,149.859652,11.4,245.0592,1.04181919
-30.262941,149.85966,11.4,245.08968,1.30173313
-30.262921,149.859669,11.4,245.02872,1.49208705
-30.262901,149.859677,11.4,245.02872,1.70292544
-30.262881,149.859685,11.4,245.0592,1.9690844
-30.262861,149.859693,11.4,245.0592,1.05263839
-30.262832,149.859672,11.4,245.02872,0.74099298
-30.262812,149.85968,11.4,245.02872,1.297467
-30.262791,149.859689,11.4,245.02872,1.38635729
-30.262771,149.859697,11.4,244.99824,1.48905043
-30.262751,149.859706,11.4,244.99824,1.61859008
-30.26273,149.859714,11.4,244.96776,1.72171456
-30.26271,149.859722,11.4,244.93728,1.87882389
-30.26269,149.859731,11.4,244.93728,1.97377168
-30.26267,149.85974,11.4,244.9068,2.02678537
-30.262649,149.859748,11.4,244.9068,2.20893757
-30.262629,149.859756,9.8,244.87632,2.40012111
-30.262609,149.859765,9.8,244.9068,2.50694152
-30.26259,149.859773,9.8,244.9068,2.59707125
-30.26257,149.859781,9.8,244.87632,2.70222259
-30.262549,149.85979,9.8,244.9068,2.74110834
-30.26253,149.859799,9.8,244.87632,2.89583458
-30.262509,149.859807,9.8,244.84584,2.92406671
-30.262489,149.859815,9.8,244.84584,3.06774868
-30.262469,149.859824,9.8,244.84584,3.10906262
-30.262449,149.859832,9.8,244.81536,3.16189853
-30.262429,149.85984,9.8,244.87632,3.29213757
-30.26241,149.859849,9.8,244.81536,3.34950953
-30.26239,149.859857,9.8,244.84584,3.2956394
-30.262305,149.859893,9.8,244.78488,3.29971217
-30.262272,149.859906,9.8,244.7544,3.17739367
-30.262224,149.859927,9.8,244.7544,3.18625258
-30.262207,149.859934,9.8,244.72392,3.59955306
-30.262175,149.859948,9.6,244.72392,3.56590489
-30.262159,149.859955,9.6,244.69344,3.54160571
-30.262142,149.859961,9.6,244.69344,3.51730652
-30.262126,149.859968,9.6,244.69344,3.56830781
-30.262109,149.859975,9.6,244.69344,3.55804815
-30.262093,149.859982,9.6,244.63248,3.44764361
-30.262076,149.859988,9.6,244.66296,3.51085374
-30.26206,149.859995,9.6,244.63248,3.43833418
-30.262044,149.860002,9.6,244.602,3.45134775
-30.262027,149.860009,9.6,244.602,3.35328705
-30.262011,149.860016,9.6,244.57152,3.23978568
-30.261995,149.860023,9.6,244.602,3.19534237
-30.261978,149.86003,9.6,244.54104,3.13404714
-30.261962,149.860037,9.6,244.57152,2.95103708
-30.261945,149.860044,9.6,244.57152,2.55777081
-30.261929,149.860051,9.6,244.51056,2.39636214
-30.261913,149.860057,9.6,244.54104,2.20992956
-30.261896,149.860064,9.6,244.51056,1.90070091
-30.26188,149.860071,9.6,244.57152,1.71987855
-30.261864,149.860078,9.6,244.54104,1.42555198
-30.261847,149.860085,9.6,244.54104,1.18661003
-30.261831,149.860092,9.6,244.51056,0.96994233
-30.261811,149.8601,9.6,244.51056,0.66631382
-30.26179,149.860109,9.6,244.48008,0.51453721
-30.261768,149.860117,9.6,244.48008,0.44441054
-30.261748,149.860126,9.6,244.4496,0.39435547
-30.261727,149.860135,9.6,244.48008,0.35267562
-30.261706,149.860144,9.6,244.51056,0.30932858
-30.261685,149.860153,9.6,244.48008,0.2983675
-30.261663,149.860162,9.6,244.48008,0.29668382
-30.261642,149.86017,9.6,244.48008,0.29679715
-30.261621,149.860179,9.6,244.4496,0.30621928
-30.2616,149.860188,9.6,244.48008,0.32192283
-30.261579,149.860197,9.6,244.4496,0.34428016
-30.261558,149.860206,9.6,244.48008,0.37491397
-30.261537,149.860215,9.6,244.48008,0.37463284
-30.261516,149.860223,9.6,244.48008,0.40456885
-30.261495,149.860232,9.6,244.4496,0.41504966
-30.261474,149.860241,9.6,244.48008,0.45046295
-30.261453,149.86025,9.6,244.48008,0.46485754
-30.261433,149.860258,9.6,244.48008,0.48893666
-30.261412,149.860267,9.6,244.48008,0.49623226
-30.26139,149.860276,9.6,244.48008,0.51036546
-30.261369,149.860285,9.6,244.4496,0.52449866
-30.261348,149.860294,9.6,244.41912,0.53549115
-30.261327,149.860303,9.6,244.41912,0.55053094
-30.261307,149.860311,9.6,244.41912,0.57022079
-30.261286,149.86032,9.6,244.4496,0.56639639
-30.261264,149.860329,9.6,244.38864,0.5627265
-30.261243,149.860338,9.6,244.41912,0.58672399
-30.261222,149.860346,9.6,244.41912,0.59313627
-30.261201,149.860355,9.6,244.38864,0.59495419
-30.261181,149.860363,9.6,244.41912,0.60756391
-30.26116,149.860372,9.6,244.41912,0.61237312
-30.26114,149.860381,9.6,244.41912,0.63378188
-30.261119,149.86039,9.6,244.48008,0.60764654
-30.261098,149.860399,9.6,244.41912,0.61881916
-30.261078,149.860407,9.6,244.4496,0.61557927
-30.261057,149.860416,9.6,244.48008,0.58888323
-30.261036,149.860425,9.6,244.41912,0.57274256
-30.261015,149.860434,9.6,244.41912,0.55500365
-30.260994,149.860442,9.6,244.41912,0.50521026
-30.260973,149.860451,9.6,244.38864,0.48500185
-30.260952,149.86046,9.6,244.38864,0.48274374
-30.260927,149.860471,9.6,244.35816,0.36697995
-30.26091,149.860478,9.6,244.32768,0.49823447
-30.260889,149.860487,9.6,244.26672,0.36432242
-30.260864,149.860497,9.6,244.32768,0.28055161
-30.260847,149.860504,9.6,244.32768,0.35395808
-30.260822,149.860515,9.6,244.26672,0.44428764
-30.260814,149.860551,9.6,244.26672,0.30345457
-30.260822,149.860421,9.6,244.23624,0.00196044
-30.260838,149.860414,9.6,244.2972,0.00831864
-30.260856,149.860404,9.6,244.2972,0.01112493
-30.26086,149.860368,9.6,244.26672,0.01439304
-30.260879,149.860359,9.6,244.2972,0.04022251
-30.260899,149.86035,9.6,244.2972,0.05669809
-30.26092,149.860341,9.6,244.26672,0.07694741
-30.26094,149.860332,9.6,244.32768,0.10805381
-30.26096,149.860324,9.6,244.35816,0.14720374
-30.260981,149.860315,9.6,244.35816,0.17769298
-30.261001,149.860306,9.6,244.41912,0.22836005
-30.261022,149.860297,9.6,244.38864,0.26290364
-30.261043,149.860288,9.6,244.35816,0.29679715
-30.261064,149.86028,9.6,244.35816,0.33476089
-30.261085,149.860271,9.6,244.32768,0.36966487
-30.261106,149.860263,9.6,244.26672,0.4029823
-30.261127,149.860254,9.6,244.26672,0.43900521
-30.261147,149.860245,9.6,244.2972,0.45844456
-30.261167,149.860237,9.6,244.32768,0.48485141
-30.261188,149.860228,9.6,244.32768,0.49279085
-30.261208,149.86022,9.6,244.32768,0.4957033
-30.261229,149.860211,9.6,244.35816,0.50588828
-30.261249,149.860203,9.6,244.38864,0.50056314
-30.26127,149.860194,9.6,244.35816,0.49732325
-30.261291,149.860186,9.6,244.38864,0.49084347
-30.261311,149.860177,9.6,244.35816,0.48112379
-30.261331,149.860168,9.6,244.38864,0.46816423
-30.261352,149.86016,9.6,244.41912,0.45520467
-30.261373,149.860151,9.6,244.38864,0.43443224
-30.261393,149.860143,9.6,244.4496,0.43189836
-30.261413,149.860134,9.6,244.41912,0.40498636
-30.261434,149.860125,9.6,244.41912,0.3887869
-30.261455,149.860117,9.6,244.38864,0.36710326
-30.261475,149.860108,9.6,244.4496,0.3531481
-30.261496,149.860099,9.6,244.38864,0.33664491
-30.261517,149.860091,9.6,244.4496,0.32560903
-30.261537,149.860082,9.6,244.41912,0.30618656
-30.261558,149.860073,9.6,244.38864,0.28534664
-30.261579,149.860065,9.6,244.38864,0.25543366
-30.261604,149.860054,9.6,244.41912,0.19104184
-30.26162,149.860048,9.6,244.41912,0.26203712
-30.26164,149.860039,9.6,244.41912,0.17495411
-30.261661,149.86003,9.6,244.41912,0.14903498
-30.261682,149.860021,9.6,244.41912,0.11740429
-30.261707,149.860011,9.6,244.4496,0.07694741
-30.261723,149.860004,9.6,244.4496,0.08504714
-30.261748,149.859994,9.6,244.4496,0.03946021
-30.261764,149.859987,9.6,244.41912,0.05129827
-30.261785,149.859978,9.6,244.4496,0.0496952
-30.261806,149.85997,9.6,244.48008,0.08335969
-30.26183,149.85996,9.6,244.4496,0.12419582
-30.261852,149.85995,9.6,244.41912,0.23783744
-30.261868,149.859944,9.6,244.4496,0.47624207
-30.261892,149.859934,9.6,244.48008,0.44366073
-30.261909,149.859927,9.6,244.48008,0.80367293
-30.261925,149.85992,9.6,244.48008,1.09778302
-30.261941,149.859913,9.6,244.48008,1.36009743
-30.261957,149.859906,9.6,244.51056,1.63940728
-30.261973,149.8599,9.9,244.51056,1.79915408
-30.261989,149.859893,9.9,244.51056,1.97533852
-30.262006,149.859886,9.9,244.51056,2.01169151
-30.262023,149.859879,9.9,244.51056,2.16331346
-30.26204,149.859871,9.9,244.54104,2.15873923
-30.262059,149.859863,9.9,244.54104,2.03880218
-30.262079,149.859855,9.9,244.57152,2.10084519
-30.262098,149.859847,9.9,244.57152,2.14565403
-30.262117,149.859839,9.9,244.57152,2.17667553
-30.262136,149.859832,9.9,244.63248,2.25492262
-30.262155,149.859824,9.9,244.63248,2.2240695
-30.262174,149.859815,9.9,244.63248,2.19966748
-30.262193,149.859807,9.9,244.66296,2.15957846
-30.262211,149.8598,9.9,244.66296,2.1598622
-30.262231,149.859791,9.9,244.66296,1.94121602
-30.262251,149.859783,9.9,244.66296,1.95780159
-30.26227,149.859775,9.9,244.66296,1.87507758
-30.262318,149.859788,9.9,244.66296,2.0185348
-30.262337,149.85978,9.9,244.72392,3.22106617
-30.262356,149.859772,9.9,244.69344,2.970074
-30.262375,149.859764,9.9,244.69344,2.75033565
-30.262394,149.859756,9.9,244.72392,2.47157567
-30.262414,149.859748,9.9,244.69344,2.12377989
-30.262433,149.85974,9.9,244.72392,1.91381529
-30.262452,149.859732,9.9,244.72392,1.64539311
-30.262471,149.859724,9.9,244.69344,1.39252085
-30.26249,149.859716,9.9,244.72392,1.16847665
-30.26251,149.859708,9.9,244.69344,0.97545396
-30.262033,149.859753,9.9,244.48008,0.05112803
-30.262016,149.859791,9.9,244.4496,0.06173951
-30.262,149.859796,9.9,244.4496,0.21011521
-30.261977,149.859805,9.9,244.41912,0.19282573
-30.261956,149.859811,9.9,244.4496,0.25883567
-30.261931,149.859818,9.9,244.41912,0.25198817
-30.261907,149.859827,9.9,244.38864,0.28425311
-30.261884,149.859837,9.9,244.35816,0.31261141
-30.261861,149.859846,9.9,244.41912,0.30676821
-30.261838,149.859856,9.9,244.38864,0.28143872
-30.261814,149.859867,9.9,244.35816,0.25099217
-30.26179,149.859876,9.9,244.35816,0.21003949
-30.261768,149.859886,9.9,244.35816,0.18698253
-30.261743,149.859896,9.9,244.32768,0.07395305
-30.26171,149.859877,9.9,244.32768,0.04516832
-30.261686,149.859887,9.9,244.32768,0.05964937
-30.261663,149.859896,9.9,244.35816,0.05254826
-30.261639,149.859906,9.9,244.32768,0.0497462
-30.261616,149.859916,9.9,244.2972,0.05590636
-30.261592,149.859926,9.9,244.32768,0.06414244
-30.261568,149.859936,9.9,244.2972,0.07395305
-30.261545,149.859946,9.9,244.2972,0.08744327
-30.261522,149.859956,9.9,244.2972,0.09760807
-30.261498,149.859965,9.9,244.26672,0.11398268
-30.261475,149.859975,9.9,244.2972,0.13618215
-30.261452,149.859985,9.9,244.2972,0.16190544
-30.261428,149.859995,9.9,244.2972,0.18240272
-30.261405,149.860005,9.9,244.2972,0.21502444
-30.261381,149.860015,9.9,244.2972,0.23433682
-30.261357,149.860025,9.9,244.32768,0.24734914
-30.261334,149.860035,9.9,244.26672,0.28096527
-30.26131,149.860044,9.9,244.26672,0.2928242
-30.261286,149.860054,9.9,244.26672,0.30676821
-30.261263,149.860064,9.9,244.26672,0.33257114
-30.26124,149.860074,9.9,244.26672,0.33943334
-30.261216,149.860084,9.9,244.26672,0.33141922
-30.261192,149.860094,9.9,244.23624,0.3483396
-30.261169,149.860104,9.9,244.23624,0.33605063
-30.261145,149.860113,9.9,244.23624,0.33631927
-30.261121,149.860124,9.9,244.23624,0.32071222
-30.261098,149.860133,9.9,244.23624,0.31255629
-30.261075,149.860143,9.9,244.23624,0.28724659
-30.261052,149.860153,9.9,244.20576,0.27666478
-30.261027,149.860163,9.9,244.20576,0.24103216
-30.261004,149.860173,9.9,244.20576,0.22297504
-30.260981,149.860183,9.9,244.20576,0.19419272
-30.260957,149.860193,9.9,244.20576,0.17058606
-30.260934,149.860202,9.9,244.26672,0.14486276
-30.260911,149.860212,9.9,244.26672,0.25099217
-30.260897,149.860251,9.9,244.26672,0.15726725
-30.260886,149.860102,9.9,244.17528,0.00479325
-30.260919,149.860112,9.9,244.20576,0.02018212
-30.260932,149.860105,9.9,244.1448,0.11983133
-30.260952,149.860097,9.9,244.1448,0.06817071
-30.260953,149.860064,9.9,244.17528,0.07040582
-30.260968,149.860058,9.9,244.17528,0.16466235
-30.260982,149.860051,9.9,244.1448,0.19849707
-30.260997,149.860045,9.9,244.1448,0.22569375
-30.261012,149.860038,9.9,244.1448,0.2462787
-30.261026,149.860031,9.9,244.11432,0.28120419
-30.261037,149.860026,9.9,244.11432,0.385092
-30.261022,149.860032,9.9,244.11432,0.13014409
-30.261029,149.859996,9.9,244.11432,0.05038164
-30.261051,149.86002,9.9,244.11432,0.07493575
-30.261068,149.860014,9.9,244.11432,0.16751159
-30.261085,149.860006,9.9,244.08384,0.18892432
-30.261103,149.859998,9.9,244.1448,0.22072347
-30.261122,149.85999,9.9,244.08384,0.22080569
-30.261144,149.859981,9.9,244.08384,0.21013622
-30.261166,149.859972,9.9,244.11432,0.42027244
-30.261187,149.859963,9.9,244.1448,0.40902428
-30.261217,149.859984,9.9,244.17528,0.24103216
-30.261239,149.859975,9.9,244.1448,0.33807108
-30.26126,149.859966,9.9,244.1448,0.29473808
-30.261282,149.859957,9.9,244.17528,0.26920475
-30.261304,149.859948,9.9,244.1448,0.22255733
-30.261325,149.859939,9.9,244.17528,0.20240377
-30.261346,149.85993,9.9,244.17528,0.17972279
-30.261367,149.859921,9.9,244.1448,0.15803211
-30.261389,149.859913,9.9,244.20576,0.13634143
-30.261409,149.859906,9.9,244.20576,0.12401268
-30.262083,149.860283,9.9,244.81536,0.00652698
-30.262059,149.860305,9.9,244.84584,0.02440202
-30.26206,149.860311,9.9,244.84584,0.32071222
-30.262061,149.860321,9.9,244.87632,0.3493749
-30.262062,149.860333,9.9,244.87632,0.41680463
-30.262063,149.860345,9.9,244.9068,0.57437451
-30.262065,149.860359,9.9,244.9068,0.69612785
-30.262068,149.860373,9.9,244.93728,0.92030462
-30.262073,149.860385,9.9,244.93728,1.20602011
-30.262077,149.860398,9.9,244.93728,1.46009868
-30.262081,149.860414,9.9,244.99824,1.42428096
-30.262086,149.860434,9.9,244.99824,1.34614733
-30.262093,149.860453,9.9,244.99824,1.47208899
-30.262098,149.860472,9.9,245.02872,1.60555308
-30.262105,149.860491,9.9,245.02872,1.74373507
-30.262111,149.86051,9.9,245.0592,1.8651507
-30.262118,149.860529,9.9,245.0592,1.89040927
-30.262124,149.860548,9.9,245.08968,1.96170195
-30.262129,149.860567,9.9,245.08968,2.02057992
-30.262134,149.860587,9.9,245.12016,1.99399334
-30.26214,149.860606,9.9,245.12016,2.02586537
-30.262146,149.860625,9.9,245.15064,2.12079087
-30.262152,149.860644,9.9,245.15064,2.10952942
-30.262158,149.860664,9.9,245.18112,2.0802719
-30.262165,149.860686,9.9,245.2116,1.91299275
-30.262173,149.860707,9.9,245.18112,1.99928245
-30.26218,149.860729,9.9,245.2116,2.06890186
-30.262187,149.86075,9.9,245.24208,2.10635612
-30.262193,149.860772,9.9,245.24208,2.1402433
-30.262199,149.860793,9.9,245.24208,2.21311349
-30.262205,149.860815,9.9,245.30304,2.14737745
-30.262211,149.860837,9.9,245.33352,2.17591402
-30.262217,149.860859,9.9,245.33352,2.14208834
-30.262224,149.860881,9.9,245.33352,2.16164574
-30.262231,149.860902,9.9,245.364,2.15807866
-30.262238,149.860923,9.9,245.364,2.17264071
-30.262246,149.860943,9.9,245.39448,2.20466549
-30.262253,149.860964,9.9,245.42496,2.18803347
-30.262261,149.860986,9.9,245.42496,2.0229659
-30.262268,149.861007,9.9,245.45544,2.14376841
-30.262275,149.861029,9.9,245.45544,2.08495368
-30.262282,149.86105,9.9,245.48592,2.04632439
-30.262289,149.86107,9.9,245.5164,2.00138535
-30.262295,149.861091,9.9,245.5164,1.82075953
-30.262302,149.861113,9.9,245.54688,1.61494067
-30.262444,149.861097,9.9,245.69928,0.07079266
-30.262441,149.861092,9.9,245.6688,0.16005298
-30.262438,149.861087,9.9,245.6688,0.22674172
-30.262435,149.861081,9.9,245.6688,0.26842218
-30.262432,149.861076,9.9,245.6688,0.22368515
-30.262411,149.861091,9.9,245.63832,0.07598845
-30.262408,149.861082,9.9,245.60784,0.28972553
-30.262406,149.861073,9.9,245.57736,0.32381088
-30.262404,149.861064,9.9,245.54688,0.39784002
-30.262404,149.861061,9.9,245.57736,1.25774965
-30.262424,149.861111,9.9,245.63832,0.05112803
-30.26241,149.861079,9.9,245.60784,0.42551719
-30.262429,149.86105,9.9,245.60784,0.15786247
-30.262398,149.861048,9.9,245.57736,0.23641911
-30.262392,149.861029,9.9,245.54688,0.55702648
-30.262388,149.861013,9.9,245.54688,0.85845619
-30.262384,149.861,9.9,245.5164,1.3421109
-30.262378,149.860982,9.9,245.5164,1.01112416
-30.262373,149.860966,9.9,245.48592,1.39004344
-30.262367,149.86095,9.9,245.48592,1.53384103
-30.262362,149.860934,9.9,245.45544,1.63689598
-30.262357,149.860917,9.9,245.48592,1.67119993
-30.262351,149.860899,9.9,245.45544,1.65527012
-30.262346,149.860881,9.9,245.42496,1.73907328
-30.262339,149.860863,9.9,245.42496,1.73975394
-30.262333,149.860846,9.9,245.45544,1.94436908
-30.262326,149.860829,9.9,245.39448,1.94359571
-30.262321,149.860812,9.9,245.42496,1.9806556
-30.262316,149.860794,9.9,245.39448,1.9304485
-30.262312,149.860777,9.9,245.30304,1.94362841
-30.262309,149.860765,9.9,245.33352,2.67570047
-30.262309,149.860774,9.9,245.364,0.1991704
-30.262304,149.860759,9.9,245.30304,0.32496632
-30.262301,149.86075,9.9,245.33352,0.73283516
-30.262298,149.860743,9.9,245.33352,1.1810576
-30.262295,149.860731,9.9,245.364,1.01915215
-30.262292,149.860718,9.9,245.33352,1.08237084
-30.262288,149.860703,9.9,245.30304,1.21885582
-30.262283,149.860688,9.9,245.27256,1.26359285
-30.262278,149.860671,9.9,245.27256,1.4140097
-30.262274,149.860656,9.9,245.27256,1.58496907
-30.262269,149.86064,9.9,245.27256,1.72131049
-30.262262,149.860625,9.9,245.24208,1.83087057
-30.262257,149.860609,9.9,245.24208,1.92338796
-30.262251,149.860593,9.9,245.2116,1.9326397
-30.262246,149.860577,9.9,245.24208,2.04025204
-30.262241,149.860562,9.9,245.2116,2.07677207
-30.262236,149.860545,10.2,245.2116,2.02498445
-30.262231,149.86053,10.2,245.2116,2.21666416
-30.262226,149.860514,10.2,245.2116,2.12350694
-30.262221,149.860499,10.2,245.18112,2.28057025
-30.262217,149.860482,10.2,245.15064,2.12197393
-30.262212,149.860465,10.2,245.12016,2.24532792
-30.262207,149.860446,10.2,245.12016,1.87418806
-30.262201,149.86043,10.2,245.08968,2.26682574
-30.262197,149.860418,10.2,245.0592,2.91988176
-30.262191,149.860398,10.2,245.08968,1.84222111
-30.262187,149.860386,10.2,245.08968,2.91395401
-30.262181,149.860367,10.2,245.08968,1.8575164
-30.262176,149.86035,10.2,245.02872,1.82783402
-30.262172,149.860333,10.2,245.02872,1.79387369
-30.262167,149.860317,10.2,244.96776,1.5542128
-30.262161,149.860301,10.2,244.96776,1.42681831
-30.262154,149.860287,10.2,244.96776,1.24804834
